trial=0 depth=2 edges=24 n2=5 n3=2 pureN2=5/5 pureN3=2/2 multi_orig=0 opp_pairs=144 opp_prec=0.034722 opp_rec=1.0000 sig_prec=0.000000 rand_hit=0.030000
trial=1 depth=3 edges=26 n2=5 n3=3 pureN2=4/5 pureN3=2/3 multi_orig=1 opp_pairs=169 opp_prec=0.023810 opp_rec=1.0000 sig_prec=0.000000 rand_hit=0.015000
trial=2 depth=4 edges=28 n2=6 n3=3 pureN2=6/6 pureN3=1/3 multi_orig=1 opp_pairs=192 opp_prec=0.031250 opp_rec=1.0000 sig_prec=0.000000 rand_hit=0.025000

=== SUMMARY trials=120 ===
mean_opp_prec_N2=0.02115967 mean_opp_rec_N2=1.000000
mean_sigma_prec_N2=0.01208333 mean_sigma_rec_N2=0.004448
mean_random_pair_hit=0.02045833
mean_cand_pairs=462.19
frac_N2_all_members_unmerged=0.889267 (1044/1174)
frac_N3_all_members_unmerged=0.827419 (513/620)
frac_merged_edges_multi_origin=0.028480 (143/5021)
public_wire_contains_labels=0
exact_partition_rate=0
baseline_vs_control_gap_opp=0.00070134
verdict_hint=CHECK
